{
 "cells": [
  {
   "cell_type": "code",
   "execution_count": 1,
   "id": "94e625c6",
   "metadata": {},
   "outputs": [],
   "source": [
    "#import os\n",
    "#os.chdir('/home/menonsqr/repos/FeC')\n",
    "\n",
    "from workflows.pyiron.elastic import calculate_elastic_constants\n",
    "from workflows.pyiron.build import bulk\n",
    "from pyiron_workflow import Workflow\n",
    "from workflows.pyiron.kg import KnowledgeDict "
   ]
  },
  {
   "cell_type": "code",
   "execution_count": 5,
   "id": "dd32afe1",
   "metadata": {},
   "outputs": [],
   "source": [
    "pair_style = \"eam/alloy\"\n",
    "pair_coeff = \"* * workflows/potentials/Fe_Ack.eam Fe\""
   ]
  },
  {
   "cell_type": "code",
   "execution_count": 6,
   "id": "14ec837c",
   "metadata": {},
   "outputs": [],
   "source": [
    "wf = Workflow('e1')\n",
    "wf.structure = bulk('Fe', cubic=True)\n",
    "wf.elastic = calculate_elastic_constants(wf.structure, pair_style, pair_coeff)"
   ]
  },
  {
   "cell_type": "code",
   "execution_count": 7,
   "id": "04a49faa",
   "metadata": {},
   "outputs": [
    {
     "name": "stderr",
     "output_type": "stream",
     "text": [
      "--------------------------------------------------------------------------\n",
      "WARNING: There was an error initializing an OpenFabrics device.\n",
      "\n",
      "  Local host:   login003\n",
      "  Local device: hfi1_0\n",
      "--------------------------------------------------------------------------\n"
     ]
    },
    {
     "data": {
      "text/plain": [
       "{'elastic__results': {'C_matrix': array([[ 2.43442065e+02,  1.45084473e+02,  1.45084473e+02,\n",
       "           1.85593079e-09, -3.99662012e-09,  5.83134734e-09],\n",
       "         [ 1.45084473e+02,  2.43442065e+02,  1.45084473e+02,\n",
       "           1.01480647e-09, -2.91461865e-09,  2.11221384e-09],\n",
       "         [ 1.45084473e+02,  1.45084473e+02,  2.43442065e+02,\n",
       "           9.20405769e-10,  3.84682979e-09,  2.76121761e-09],\n",
       "         [ 1.85593079e-09,  1.01480647e-09,  9.20405769e-10,\n",
       "           1.16053046e+02,  1.88801198e-10,  5.31003369e-10],\n",
       "         [-3.99662012e-09, -2.91461865e-09,  3.84682979e-09,\n",
       "           1.88801198e-10,  1.16053046e+02, -3.30402096e-10],\n",
       "         [ 5.83134734e-09,  2.11221384e-09,  2.76121761e-09,\n",
       "           5.31003369e-10, -3.30402096e-10,  1.16053046e+02]]),\n",
       "  'Bulk_modulus': 177.87033669302664,\n",
       "  'Shear_modulus1': 116.053045768637,\n",
       "  'Shear_modulus2': 49.178796204002495,\n",
       "  'Poisson_ratio': 0.373422298209911}}"
      ]
     },
     "execution_count": 7,
     "metadata": {},
     "output_type": "execute_result"
    }
   ],
   "source": [
    "wf.run()"
   ]
  },
  {
   "cell_type": "code",
   "execution_count": null,
   "id": "7e695429",
   "metadata": {},
   "outputs": [],
   "source": []
  }
 ],
 "metadata": {
  "kernelspec": {
   "display_name": "pyiron/latest (python3.12)",
   "language": "python",
   "name": "python3"
  },
  "language_info": {
   "codemirror_mode": {
    "name": "ipython",
    "version": 3
   },
   "file_extension": ".py",
   "mimetype": "text/x-python",
   "name": "python",
   "nbconvert_exporter": "python",
   "pygments_lexer": "ipython3",
   "version": "3.12.10"
  }
 },
 "nbformat": 4,
 "nbformat_minor": 5
}
